Iteration_1: ["peer115 4 0.228456", "peer259 9 0.517032", "peer44 2 0.086172", "peer116 4 0.23046", "peer407 14 0.813624", "peer269 9 0.537072", "peer147 5 0.292584", "peer354 12 0.707412", "peer124 4 0.246492", "peer426 14 0.8517", "peer192 7 0.382764", "peer9 1 0.016032", "peer290 10 0.579156", "peer415 14 0.829656", "peer11 1 0.02004", "peer326 11 0.6513", "peer228 8 0.454908", "peer360 12 0.719436", "peer15 1 0.028056", "peer333 11 0.665328", "peer305 10 0.609216", "peer149 5 0.296592", "peer385 13 0.769536", "peer408 14 0.815628", "peer135 5 0.268536"]
Time_kill: 16h10
Time_recover: 16h16
Time_database_recover: 16h24
Error: 2

Iteration_2: ["peer481 16 0.96192", "peer457 15 0.913824", "peer473 16 0.945888", "peer383 13 0.765528", "peer314 11 0.627252", "peer17 1 0.032064", "peer307 10 0.613224", "peer482 16 0.963924", "peer389 13 0.777552", "peer103 4 0.204408", "peer305 10 0.609216", "peer14 1 0.026052", "peer200 7 0.398796", "peer81 3 0.16032", "peer237 8 0.472944", "peer189 7 0.376752", "peer352 12 0.703404", "peer139 5 0.276552", "peer68 3 0.134268", "peer269 9 0.537072", "peer9 1 0.016032", "peer145 5 0.288576", "peer318 11 0.635268", "peer113 4 0.224448", "peer67 3 0.132264"]
Time_kill: 16h40
Time_recover: 16h47
Time_database_recover: 16h54
Error: 

Iteration_3: ["peer469 16 0.937872", "peer35 2 0.068136", "peer443 15 0.885768", "peer301 10 0.6012", "peer427 14 0.853704", "peer250 8 0.498996", "peer390 13 0.779556", "peer40 2 0.078156", "peer234 8 0.466932", "peer404 13 0.807612", "peer241 8 0.48096", "peer61 2 0.12024", "peer292 10 0.583164", "peer374 12 0.747492", "peer75 3 0.148296", "peer313 11 0.625248", "peer283 10 0.565128", "peer138 5 0.274548", "peer330 11 0.659316", "peer346 12 0.69138", "peer45 2 0.088176", "peer14 1 0.026052", "peer203 7 0.404808", "peer222 8 0.442884", "peer177 6 0.352704"]
Time_kill: 17h11
Time_recover: 17h17
Time_database_recover: 17h24
Error: 

Iteration_4: ["peer298 10 0.595188", "peer492 16 0.983964", "peer61 2 0.12024", "peer220 8 0.438876", "peer369 12 0.737472", "peer323 11 0.645288", "peer371 12 0.74148", "peer179 6 0.356712", "peer87 3 0.172344", "peer480 16 0.959916", "peer40 2 0.078156", "peer26 1 0.0501", "peer226 8 0.4509", "peer211 7 0.42084", "peer420 14 0.839676", "peer453 15 0.905808", "peer273 9 0.545088", "peer472 16 0.943884", "peer53 2 0.104208", "peer140 5 0.278556", "peer444 15 0.887772", "peer430 14 0.859716", "peer399 13 0.797592", "peer115 4 0.228456", "peer435 14 0.869736"]
Time_kill: 17h40
Time_recover: 17h50
Time_database_recover: 17h56
Error: 