Iteration_1: ["peer438 15 0.875748", "peer121 4 0.24048", "peer194 7 0.386772", "peer66 3 0.13026", "peer431 14 0.86172", "peer302 10 0.603204", "peer185 6 0.368736", "peer382 13 0.763524", "peer161 6 0.32064", "peer114 4 0.226452", "peer426 14 0.8517", "peer83 3 0.164328", "peer373 12 0.745488", "peer23 1 0.044088", "peer424 14 0.847692", "peer301 10 0.6012", "peer70 3 0.138276", "peer228 8 0.454908", "peer26 1 0.0501", "peer157 6 0.312624", "peer401 13 0.8016", "peer106 4 0.21042", "peer432 14 0.863724", "peer280 9 0.559116", "peer455 15 0.909816"]
Time_kill: 11h31
Time_recover: 11h38
Time_database_recover: 11h43
Error: 2

Iteration_2: ["peer383 13 0.765528", "peer330 11 0.659316", "peer116 4 0.23046", "peer399 13 0.797592", "peer71 3 0.14028", "peer437 14 0.873744", "peer156 5 0.31062", "peer3 1 0.004008", "peer223 8 0.444888", "peer306 10 0.61122", "peer16 1 0.03006", "peer458 15 0.915828", "peer405 13 0.809616", "peer8 1 0.014028", "peer100 4 0.198396", "peer304 10 0.607212", "peer157 6 0.312624", "peer336 11 0.67134", "peer341 11 0.68136", "peer135 5 0.268536", "peer480 16 0.959916", "peer384 13 0.767532", "peer115 4 0.228456", "peer81 3 0.16032", "peer332 11 0.663324"]
Time_kill: 12h00
Time_recover: 12h06
Time_database_recover: 12h14
Error: 3

Iteration_3: ["peer52 2 0.102204", "peer385 13 0.769536", "peer365 12 0.729456", "peer165 6 0.328656", "peer183 6 0.364728", "peer436 14 0.87174", "peer275 9 0.549096", "peer132 5 0.262524", "peer85 3 0.168336", "peer102 4 0.202404", "peer266 9 0.53106", "peer456 15 0.91182", "peer312 10 0.623244", "peer272 9 0.543084", "peer122 4 0.242484", "peer283 10 0.565128", "peer438 15 0.875748", "peer206 7 0.41082", "peer423 14 0.845688", "peer202 7 0.402804", "peer95 4 0.188376", "peer252 9 0.503004", "peer333 11 0.665328", "peer466 15 0.93186", "peer31 1 0.06012"]
Time_kill: 12h30
Time_recover: 12h37
Time_database_recover: 12h42
Error: 1

Iteration_4: ["peer381 13 0.76152", "peer343 11 0.685368", "peer166 6 0.33066", "peer55 2 0.108216", "peer66 3 0.13026", "peer404 13 0.807612", "peer297 10 0.593184", "peer58 2 0.114228", "peer273 9 0.545088", "peer187 6 0.372744", "peer199 7 0.396792", "peer256 9 0.51102", "peer322 11 0.643284", "peer274 9 0.547092", "peer492 16 0.983964", "peer342 11 0.683364", "peer442 15 0.883764", "peer352 12 0.703404", "peer329 11 0.657312", "peer125 4 0.248496", "peer494 16 0.987972", "peer185 6 0.368736", "peer168 6 0.334668", "peer461 15 0.92184", "peer462 15 0.923844"]
Time_kill: 13h00
Time_recover: 13h07
Time_database_recover: 
Error: 